0.317282495	0.141563678	0.14143261	0.324509374	0.569427396	6.548306716
0.559623376	0.231429384	0.293939746	0.534490043	0.431558427	5.546941673
0.020890915	0.573818541	0.248074035	0.964974141	0.067202228	2.161358095
0.640265167	0.913462636	0.626565495	0.303612377	0.835524502	10.4626924
0.45259737	0.064945233	0.85578744	0.50788131	0.976293203	9.871698333
0.385897612	0.002633432	0.099923538	0.312259632	0.585663417	6.628303182
0.387011288	0.529233677	0.661502575	0.544449854	0.403109345	5.352471287
0.520955405	0.167021732	0.242306731	0.298005015	0.11869853	2.698813498
0.872546495	0.801148316	0.452259503	0.494724132	0.240371097	5.040240695
0.397071702	0.430431022	0.728580675	0.220455545	0.226393844	3.811916909
0.107800769	0.253039686	0.315811667	0.206862009	0.765953692	8.223988949
0.305711263	0.757898188	0.484549246	0.70673968	0.440511447	6.061650793
0.716869744	0.707872508	0.519219466	0.098818714	0.204234551	4.533340664
0.798694796	0.533932792	0.563727659	0.669249993	0.404484328	5.76740603
0.831908393	0.494734004	0.317431214	0.87127426	0.39518682	5.752082055
0.859433706	0.815778906	0.554397983	0.831328224	0.609425899	8.144316153
0.269664739	0.22953205	0.559964995	0.960511316	0.011216902	1.09077533
0.226617505	0.306634932	0.318355834	0.50804336	0.397502601	5.001247151
0.865659083	0.698631715	0.443088355	0.886930378	0.088555151	3.28066612
0.115145875	0.58310932	0.462573014	0.79998695	0.075483636	2.216046662
0.591898466	0.898950946	0.39061658	0.930289035	0.363786502	5.959614873
0.811115563	0.708408363	0.872967631	0.327882069	0.823071424	9.963284404
0.058725769	0.265628977	0.575126053	0.719181357	0.612381795	6.460793047
0.12803957	0.420603509	0.385556788	0.821199797	0.708761599	7.713155156
0.332221712	0.42566718	0.055286571	0.567986144	0.521483637	6.524783709
0.811825296	0.16393942	0.368044864	0.049424138	0.659932074	7.911166604
0.346502952	0.278036259	0.158221167	0.43210861	0.261599659	3.953065236
0.60296501	0.327222199	0.989315316	0.1251413	0.847250786	9.491527532
0.55135665	0.470866754	0.632925834	0.089657707	0.216083067	4.040739167
0.205473279	0.023829303	0.316295537	0.688211434	0.910625538	9.207540404
0.367139247	0.276059015	0.91324886	0.984726416	0.789335878	7.88978751
0.514632482	0.677895602	0.305780021	0.173803703	0.49743296	6.908111697
0.793991189	0.196660839	0.28882229	0.474887094	0.618995141	7.445120579
0.070414309	0.735117985	0.754812048	0.653600643	0.452573833	5.73596123
0.589960177	0.227314105	0.24732836	0.232900296	0.961463676	10.44075449
0.244859575	0.298963098	0.60068815	0.312764307	0.099910454	2.304639712
0.547529734	0.239327764	0.937952473	0.041302875	0.84148377	9.352538392
0.591327518	0.090420785	0.661987189	0.595291357	0.287026789	3.87512816
0.296904306	0.551374017	0.149107264	0.433201105	0.455756757	6.06975786
0.257833371	0.655830918	0.518248728	0.338227013	0.784231088	9.067370261
0.321681152	0.751521483	0.42563353	0.451127927	0.022480593	2.452214764
0.117635043	0.749589396	0.436107731	0.996322608	0.411604756	5.503704801
0.722433827	0.760845414	0.399497223	0.741870499	0.929791161	10.93426378
0.70546445	0.457022203	0.58302219	0.186222823	0.401044375	5.785655736
0.590088729	0.902048507	0.211906076	0.187851559	0.571103827	8.154863077
0.51131575	0.890959569	0.504879126	0.526452194	0.775157703	9.6594078
0.742792575	0.411947973	0.597973305	0.133707532	0.371906105	5.519749868
0.859676496	0.489801646	0.418552369	0.646024181	0.024508158	2.441847441
0.405417773	0.554963219	0.391380325	0.776468042	0.934227719	10.25144985
0.117909272	0.021529257	0.136010646	0.824898205	0.335390363	4.045990281
0.700854472	0.153399499	0.124829198	0.908040115	0.944953253	10.25787445
0.607229007	0.107415855	0.341677436	0.562979807	0.843497495	9.119746133
0.861419721	0.246441734	0.954143783	0.198005671	0.034006326	2.258015403
0.303504647	0.508533905	0.24121071	0.485190718	0.592565236	7.182410085
0.133548536	0.607423694	0.550941514	0.98822604	0.105592739	2.375124426
0.504087208	0.764650265	0.082924184	0.215394228	0.308847645	5.41409755
0.133002967	0.915208226	0.328019228	0.935381546	0.373091911	5.681302231
0.392887017	0.194842096	0.975212646	0.754406575	0.870473593	8.706561623
0.198865691	0.175992409	0.607226574	0.64537964	0.965739183	9.691055679
0.43979864	0.758559371	0.643905042	0.839389222	0.793443257	9.175498979
0.926713124	0.998698411	0.403388498	0.608348871	0.703271265	9.725499621
0.11069676	0.661067447	0.86579737	0.222395523	0.013532737	1.976800663
0.307984403	0.0056176	0.252859085	0.962128493	0.557821609	6.090729364
0.301966668	0.313056683	0.768895794	0.176064995	0.739178108	8.186793051
0.724312814	0.350384187	0.269922422	0.42072982	0.163966035	3.506055556
0.828477927	0.160930268	0.837527995	0.781132398	0.220997288	3.337836324
0.250545592	0.094251204	0.941490313	0.057255857	0.388186706	4.789155856
0.653822619	0.878489145	0.50213872	0.867313568	0.841121188	10.19566153
0.353832096	0.754784261	0.415274482	0.320712399	0.08375586	3.101603724
0.233372052	0.657772293	0.598000872	0.603842438	0.883703978	9.756096527
0.340960356	0.142223415	0.308320249	0.720125944	0.878969478	9.182490429
0.934061776	0.99599501	0.561445076	0.266873124	0.4482673	7.526049783
0.436442553	0.331247851	0.74775484	0.102344756	0.089163507	2.55509026
0.542449176	0.521307422	0.621920871	0.018710079	0.88338144	10.16547416
0.035099153	0.345642247	0.492604906	0.493651233	0.630245325	6.877029119
0.134347415	0.6009575	0.094260462	0.869760707	0.603646872	7.309049533
0.03059642	0.080783645	0.9020429	0.244945298	0.277833538	3.394283403
0.79093764	0.627114612	0.231709865	0.393850437	0.728817716	9.13123881
0.205134459	0.006848744	0.606236466	0.835703037	0.703879837	7.040291589
0.528993314	0.704637095	0.64693003	0.300287346	0.808073472	9.630502017
0.887087179	0.099146592	0.408329544	0.481400017	0.049416013	2.239489602
0.963553038	0.903112709	0.699796046	0.947154436	0.880973757	10.69677299
0.894280663	0.483076288	0.219160839	0.810916899	0.220951106	4.326172958
0.435172833	0.052797354	0.778956433	0.191243467	0.804253246	8.578697705
0.596561514	0.528840825	0.075268748	0.545160047	0.982555777	11.09549408
0.121642337	0.330859022	0.477393431	0.981923415	0.390734589	4.561653362
0.56741016	0.799998935	0.747596624	0.022770241	0.36537133	6.064267732
0.304139933	0.200413111	0.94895952	0.220270544	0.707914138	7.688246785
0.266487532	0.778334373	0.395748899	0.947720414	0.263748536	4.443006815
0.580323774	0.666437579	0.457155485	0.888428181	0.104635551	3.063181806
0.575401633	0.028233354	0.897677546	0.862022603	0.68778762	7.020307574
0.798269148	0.977785478	0.02953797	0.045473871	0.31045212	6.249557295
0.129607921	0.052749709	0.243829709	0.90563206	0.82859761	8.420332171
0.646058463	0.908525364	0.699562869	0.486685624	0.257948008	5.107785106
0.904951354	0.78878646	0.803495694	0.460345985	0.704716349	9.07823662
0.270412799	0.04826253	0.890178426	0.822090855	0.365064885	3.873635352
0.175011026	0.184260538	0.19970863	0.704854207	0.15167864	2.601682354
0.941655319	0.986254448	0.64728516	0.209780121	0.845542966	11.09692762
0.350488388	0.431023294	0.018823608	0.598884166	0.987494774	10.76549959
0.146000713	0.902336551	0.127706523	0.142935	0.468775449	6.812082839